Version de python:  3.4.0 (v3.4.0:04f714765c13, Mar 16 2014, 19:25:23) [MSC v.1600 64 bit (AMD64)]
Se recomiendo >3
Id;Anho;Mes;Dia
6
   722;2008;  12;31
   723;2008;  12;30
   724;2008;  12;23
   725;2008;  12;22
   726;2008;  12;12
   727;2008;  12;11
   728;2008;  12;10
   729;2008;  12;09
   730;2008;  12;08
   731;2008;  12;05
   732;2008;  12;04
   733;2008;  12;03
   734;2008;  12;02
   735;2008;  12;01
   736;2008;  11;25
   737;2008;  11;24
   738;2008;  11;14
   739;2008;  11;13
   740;2008;  11;07
   741;2008;  11;06
   742;2008;  10;27
   743;2008;  10;24
   744;2008;  10;23
   745;2008;  10;22
   746;2008;  10;21
   747;2008;  10;20
   748;2008;  10;17
   749;2008;  10;16
   750;2008;  10;10
   751;2008;  10;08
   752;2008;  10;02
   753;2008;   9;30
   754;2008;   9;26
   755;2008;   9;17
   756;2008;   9;09
   757;2008;   8;28
   758;2008;   8;27
   759;2008;   8;26
   760;2008;   8;25
   761;2008;   8;22
   762;2008;   8;20
   763;2008;   8;19
   764;2008;   8;18
   765;2008;   8;15
   766;2008;   8;14
   767;2008;   8;13
   768;2008;   8;12
   769;2008;   8;11
   770;2008;   8;08
   771;2008;   8;07
   772;2008;   8;05
   773;2008;   8;04
   774;2008;   7;31
   775;2008;   7;30
   776;2008;   7;25
   777;2008;   7;24
   778;2008;   7;23
   779;2008;   7;22
   780;2008;   7;02
   781;2008;   7;01
   782;2008;   6;30
   783;2008;   6;27
   784;2008;   6;23
   785;2008;   6;20
   786;2008;   6;13
   787;2008;   6;09
   788;2008;   6;06
   789;2008;   6;05
   790;2008;   6;03
   791;2008;   6;02
   792;2008;   5;26
   793;2008;   5;22
   794;2008;   5;15
   795;2008;   4;29
   796;2008;   4;25
   797;2008;   4;24
   798;2008;   4;18
   799;2008;   4;17
   800;2008;   4;11
   801;2008;   4;09
   802;2008;   4;01
   803;2008;   3;14
   804;2008;   3;13
   805;2008;   3;05
   806;2008;   3;03
   807;2008;   2;28
   808;2008;   2;26
   809;2008;   2;25
   810;2008;   2;22
   811;2008;   2;19
   812;2008;   2;06
   813;2008;   1;24
   814;2008;   1;21
   815;2008;   1;17
   816;2008;   1;16
   817;2008;   1;03
   818;2007;  11;28
   819;2007;  11;01
   820;2007;  10;18
   821;2007;  10;13
   822;2007;   7;02
   823;2007;   6;22
   824;2007;   6;15
   825;2007;   6;01
   826;2007;   5;31
   827;2007;   5;30
   828;2007;   5;29
   829;2007;   5;09
   830;2007;   4;17
   831;2007;   3;26
   832;2007;   3;15
   833;2007;   3;12
   834;2007;   3;06
   835;2007;   2;16
   836;2007;   2;14
   837;2007;   2;13
   838;2007;   1;31
   839;2007;   1;17
   840;2007;   1;16
   841;2006;  12;28
   842;2006;  12;27
   843;2006;  12;26
   844;2006;  11;30
   845;2006;  11;29
   846;2006;  11;28
   847;2006;  11;07
   848;2006;  11;06
   849;2006;  10;24
   850;2006;  10;13
   851;2006;  10;03
   852;2006;   9;29
   853;2006;   9;28
   854;2006;   9;27
   855;2006;   9;26
   856;2006;   9;11
   857;2006;   9;06
   858;2006;   9;01
   859;2006;   8;14
   860;2006;   7;06
   861;2006;   7;05
   862;2006;   7;04
   863;2006;   6;23
   864;2006;   6;21
   865;2006;   6;20
   866;2006;   6;13
   867;2006;   6;09
   868;2006;   6;06
   869;2006;   5;31
   870;2006;   5;30
   871;2006;   5;18
   872;2006;   5;17
   873;2006;   4;26
   874;2006;   4;18
   875;2006;   4;17
   876;2006;   3;02
   877;2006;   3;01
   878;2006;   2;24
   879;2006;   2;20
   880;2006;   2;09
   881;2006;   2;07
   882;2006;   1;31
   883;2006;   1;30
   884;2006;   1;06
   885;2005;  12;30
   886;2005;  12;29
   887;2005;  12;27
   888;2005;  12;26
   889;2005;  12;21
   890;2005;  12;19
   891;2005;  12;15
   892;2005;  12;13
   893;2005;  12;09
   894;2005;  12;01
   895;2005;  11;25
   896;2005;  11;24
   897;2005;  11;22
   898;2005;  11;01
   899;2005;  10;24
   900;2005;   9;30
   901;2005;   9;28
   902;2005;   9;27
   903;2005;   9;26
   904;2005;   9;19
   905;2005;   9;07
   906;2005;   9;06
   907;2005;   8;31
   908;2005;   8;29
   909;2005;   8;16
   910;2005;   8;01
   911;2005;   7;21
   912;2005;   7;15
   913;2005;   7;13
   914;2005;   6;29
   915;2005;   6;02
   916;2005;   5;30
   917;2005;   5;04
   918;2005;   4;29
   919;2005;   4;19
   920;2005;   4;18
   921;2005;   4;15
   922;2005;   4;12
   923;2005;   4;07
   924;2005;   3;17
   925;2005;   3;16
   926;2005;   3;01
   927;2005;   1;05
   928;2005;   1;04
   929;2004;  12;29
   930;2004;  12;14
   931;2004;  12;09
   932;2004;  12;03
   933;2004;  11;30
   934;2004;  11;26
   935;2004;  11;25
   936;2004;  11;15
   937;2004;  11;03
   938;2004;  10;25
   939;2004;  10;22
   940;2004;  10;15
   941;2004;  10;14
   942;2004;  10;05
   943;2004;   9;30
   944;2004;   9;27
   945;2004;   9;23
   946;2004;   9;21
   947;2004;   9;15
   948;2004;   9;09
   949;2004;   9;06
   950;2004;   9;02
   951;2004;   8;27
   952;2004;   8;24
   953;2004;   8;23
   954;2004;   8;19
   955;2004;   8;13
   956;2004;   8;12
   957;2004;   8;11
   958;2004;   8;09
   959;2004;   8;03
   960;2004;   8;02
   961;2004;   7;28
   962;2004;   7;27
   963;2004;   7;15
   964;2004;   7;14
   965;2004;   7;13
   966;2004;   7;12
   967;2004;   6;25
   968;2004;   6;23
   969;2004;   6;02
   970;2004;   6;01
   971;2004;   5;28
   972;2004;   5;27
   973;2004;   5;19
   974;2004;   5;13
   975;2004;   5;07
   976;2004;   5;03
   977;2004;   4;19
   978;2004;   4;08
   979;2004;   4;01
   980;2004;   3;19
   981;2004;   3;18
   982;2004;   3;08
   983;2004;   3;04
   984;2004;   3;03
   985;2004;   2;27
   986;2004;   2;26
   987;2004;   2;23
   988;2004;   2;19
   989;2004;   2;09
   990;2004;   2;02
   991;2004;   1;28
   992;2004;   1;27
   993;2004;   1;26
   994;2004;   1;22
   995;2004;   1;20
   996;2003;  12;31
   997;2003;  12;30
   998;2003;  12;29
   999;2003;  12;23
  1000;2003;  12;19
  1001;2003;  12;12
  1002;2003;  12;10
  1003;2003;  12;09
  1004;2003;  12;03
  1005;2003;  11;26
  1006;2003;  10;31
  1007;2003;  10;30
  1008;2003;  10;29
  1009;2003;  10;27
  1010;2003;  10;20
  1011;2003;  10;02
  1012;2003;  10;01
  1013;2003;   9;26
  1014;2003;   9;19
  1015;2003;   9;18
  1016;2003;   9;11
  1017;2003;   9;10
  1018;2003;   9;05
  1019;2003;   9;02
  1020;2003;   8;26
  1021;2003;   8;25
  1022;2003;   8;22
  1023;2003;   8;21
  1024;2003;   8;20
  1025;2003;   8;19
  1026;2003;   8;18
  1027;2003;   8;15
  1028;2003;   8;14
  1029;2003;   8;12
  1030;2003;   8;08
  1031;2003;   8;07
  1032;2003;   8;01
  1033;2003;   7;30
  1034;2003;   7;25
  1035;2003;   7;24
  1036;2003;   7;21
  1037;2003;   7;09
  1038;2003;   7;01
  1039;2003;   6;30
  1040;2003;   6;27
  1041;2003;   6;26
  1042;2003;   6;25
  1043;2003;   6;18
  1044;2003;   6;13
  1045;2003;   5;30
  1046;2003;   5;23
  1047;2003;   4;29
  1048;2003;   4;17
  1049;2003;   4;15
  1050;2003;   4;14
  1051;2003;   4;09
  1052;2003;   4;02
  1053;2003;   3;17
  1054;2003;   3;05
  1055;2003;   3;03
  1056;2003;   2;27
  1057;2003;   2;21
  1058;2003;   2;19
  1059;2003;   2;17
  1060;2003;   1;17
  1061;2003;   1;14
  1062;2003;   1;06
  1063;2002;  12;30
  1064;2002;  11;29
  1065;2002;  11;28
  1066;2002;  11;27
  1067;2002;  11;25
  1068;2002;  11;21
  1069;2002;  11;13
  1070;2002;  11;08
  1071;2002;  11;06
  1072;2002;  11;04
  1073;2002;  10;30
  1074;2002;  10;23
  1075;2002;  10;18
  1076;2002;  10;16
  1077;2002;  10;08
  1078;2002;   9;27
  1079;2002;   9;23
  1080;2002;   9;12
  1081;2002;   9;09
  1082;2002;   9;06
  1083;2002;   8;30
  1084;2002;   8;15
  1085;2002;   7;31
  1086;2002;   7;22
  1087;2002;   6;19
  1088;2002;   6;05
  1089;2002;   6;04
  1090;2002;   5;21
  1091;2002;   5;20
  1092;2002;   5;07
  1093;2002;   5;03
  1094;2002;   4;26
  1095;2002;   4;23
  1096;2002;   4;17
  1097;2002;   4;15
  1098;2002;   4;08
  1099;2002;   4;03
  1100;2002;   2;22
  1101;2002;   2;18
  1102;2002;   2;11
  1103;2002;   2;08
  1104;2002;   2;06
  1105;2002;   1;30
  1106;2002;   1;29
  1107;2002;   1;25
  1108;2002;   1;23
  1109;2002;   1;22
  1110;2002;   1;21
  1111;2002;   1;11
  1112;2002;   1;02
  1113;2001;  12;28
  1114;2001;  12;24
  1115;2001;  12;21
  1116;2001;  12;19
  1117;2001;  12;17
  1118;2001;  12;10
  1119;2001;  12;07
  1120;2001;  12;06
  1121;2001;  12;05
  1122;2001;  12;04
  1123;2001;  12;03
  1124;2001;  11;16
  1125;2001;  11;15
  1126;2001;  11;05
  1127;2001;  11;01
  1128;2001;  10;31
  1129;2001;  10;22
  1130;2001;  10;19
  1131;2001;   9;24
  1132;2001;   9;21
  1133;2001;   9;19
  1134;2001;   9;03
  1135;2001;   8;31
  1136;2001;   8;30
  1137;2001;   8;28
  1138;2001;   8;27
  1139;2001;   8;22
  1140;2001;   8;21
  1141;2001;   8;20
  1142;2001;   8;17
