Id;Anho;Mes;Dia
1;12;2014;04
2;12;2014;05
3;12;2014;08
4;12;2014;09
5;12;2014;10
6;12;2014;11
7;12;2014;15
8;12;2014;16
9;11;2014;03
10;11;2014;04
11;11;2014;05
12;11;2014;07
13;11;2014;11
14;11;2014;14
15;11;2014;19
16;11;2014;21
17;11;2014;25
18;11;2014;26
19;11;2014;27
20;10;2014;09
21;10;2014;14
22;10;2014;15
23;10;2014;16
24;10;2014;17
25;10;2014;21
26;10;2014;22
27;10;2014;23
28;9;2014;02
29;9;2014;03
30;9;2014;10
31;9;2014;11
32;9;2014;12
33;9;2014;23
34;9;2014;29
35;9;2014;30
36;8;2014;05
37;8;2014;06
38;8;2014;07
39;8;2014;08
40;8;2014;14
41;8;2014;15
42;8;2014;18
43;8;2014;19
44;8;2014;20
45;8;2014;22
46;8;2014;25
47;8;2014;27
48;8;2014;28
49;8;2014;29
50;7;2014;01
51;7;2014;02
52;7;2014;03
53;7;2014;07
54;7;2014;09
55;7;2014;14
56;7;2014;15
57;7;2014;16
58;7;2014;17
59;7;2014;23
60;7;2014;28
61;7;2014;29
62;6;2014;06
63;6;2014;10
64;6;2014;11
65;6;2014;16
66;6;2014;17
67;6;2014;18
68;6;2014;19
69;6;2014;24
70;6;2014;27
71;6;2014;30
72;5;2014;02
73;5;2014;15
74;5;2014;20
75;5;2014;27
76;5;2014;28
77;5;2014;30
78;4;2014;03
79;4;2014;08
80;4;2014;09
81;4;2014;10
82;4;2014;14
83;4;2014;15
84;4;2014;16
85;4;2014;22
86;4;2014;28
87;3;2014;04
88;3;2014;07
89;3;2014;21
90;3;2014;24
91;3;2014;27
92;3;2014;28
93;2;2014;04
94;2;2014;05
95;2;2014;06
96;2;2014;07
97;2;2014;12
98;2;2014;14
99;2;2014;17
100;2;2014;18
101;2;2014;19
102;2;2014;20
103;2;2014;24
104;1;2014;03
105;1;2014;06
106;1;2014;08
107;1;2014;16
108;1;2014;21
109;1;2014;22
110;1;2014;23
111;1;2014;24
112;1;2014;28
113;12;2013;03
114;12;2013;06
115;12;2013;09
116;12;2013;10
117;12;2013;12
118;12;2013;17
119;12;2013;18
120;12;2013;19
121;12;2013;23
122;12;2013;24
123;12;2013;26
124;12;2013;27
125;11;2013;01
126;11;2013;04
127;11;2013;06
128;11;2013;08
129;11;2013;12
130;11;2013;13
131;11;2013;22
132;11;2013;25
133;11;2013;27
134;11;2013;28
135;10;2013;04
136;10;2013;08
137;10;2013;14
138;10;2013;15
139;10;2013;16
140;10;2013;17
141;10;2013;21
142;10;2013;22
143;10;2013;25
144;10;2013;28
145;10;2013;29
146;10;2013;30
147;10;2013;31
148;9;2013;02
149;9;2013;04
150;9;2013;06
151;9;2013;10
152;9;2013;12
153;9;2013;17
154;9;2013;20
155;9;2013;27
156;9;2013;30
157;8;2013;05
158;8;2013;12
159;8;2013;16
160;8;2013;19
161;8;2013;22
162;8;2013;26
163;8;2013;30
164;7;2013;02
165;7;2013;03
166;7;2013;04
167;7;2013;05
168;7;2013;10
169;7;2013;11
170;7;2013;22
171;7;2013;23
172;7;2013;26
173;6;2013;04
174;6;2013;05
175;6;2013;06
176;6;2013;07
177;6;2013;13
178;6;2013;14
179;6;2013;17
180;6;2013;18
181;6;2013;19
182;6;2013;20
183;6;2013;21
184;6;2013;25
185;6;2013;26
186;5;2013;03
187;5;2013;06
188;5;2013;07
189;5;2013;10
190;5;2013;13
191;5;2013;22
192;5;2013;23
193;5;2013;28
194;5;2013;29
195;5;2013;30
196;4;2013;08
197;4;2013;12
198;4;2013;23
199;4;2013;24
200;4;2013;25
201;4;2013;29
202;3;2013;04
203;3;2013;05
204;3;2013;08
205;3;2013;13
206;3;2013;15
207;3;2013;19
208;3;2013;20
209;3;2013;21
210;3;2013;22
211;3;2013;26
212;2;2013;01
213;2;2013;13
214;2;2013;15
215;2;2013;19
216;2;2013;20
217;2;2013;21
218;2;2013;22
219;1;2013;01
220;1;2013;02
221;1;2013;03
222;1;2013;04
223;1;2013;07
224;1;2013;08
225;1;2013;09
226;1;2013;10
227;1;2013;22
228;1;2013;29
229;12;2012;04
230;12;2012;05
231;12;2012;06
232;12;2012;13
233;12;2012;14
234;12;2012;17
235;12;2012;18
236;12;2012;19
237;12;2012;20
238;12;2012;21
239;12;2012;26
240;12;2012;27
241;11;2012;01
242;11;2012;05
243;11;2012;06
244;11;2012;12
245;11;2012;13
246;11;2012;14
247;11;2012;15
248;11;2012;16
249;11;2012;21
250;11;2012;27
251;11;2012;29
252;11;2012;30
253;10;2012;01
254;10;2012;02
255;10;2012;04
256;10;2012;08
257;10;2012;09
258;10;2012;11
259;10;2012;12
260;10;2012;15
261;10;2012;17
262;10;2012;18
263;10;2012;19
264;10;2012;23
265;10;2012;26
266;10;2012;30
267;10;2012;31
268;9;2012;03
269;9;2012;05
270;9;2012;06
271;9;2012;10
272;9;2012;11
273;9;2012;13
274;9;2012;14
275;9;2012;17
276;9;2012;18
277;9;2012;19
278;9;2012;20
279;9;2012;25
280;9;2012;28
281;8;2012;02
282;8;2012;07
283;8;2012;08
284;8;2012;09
285;8;2012;10
286;8;2012;13
287;8;2012;14
288;8;2012;15
289;8;2012;16
290;8;2012;17
291;8;2012;20
292;8;2012;21
293;8;2012;22
294;8;2012;23
295;8;2012;24
296;8;2012;27
297;8;2012;31
298;7;2012;03
299;7;2012;05
300;7;2012;06
301;7;2012;09
302;7;2012;10
303;7;2012;11
304;7;2012;12
305;7;2012;13
306;7;2012;16
307;7;2012;18
308;7;2012;19
309;7;2012;25
310;7;2012;26
311;7;2012;27
312;7;2012;30
313;7;2012;31
314;6;2012;06
315;6;2012;12
316;6;2012;13
317;6;2012;15
318;6;2012;21
319;6;2012;22
320;6;2012;25
321;6;2012;29
322;5;2012;03
323;5;2012;14
324;5;2012;15
325;5;2012;16
326;5;2012;17
327;5;2012;18
328;5;2012;23
329;5;2012;28
330;5;2012;29
331;5;2012;31
332;4;2012;02
333;4;2012;03
334;4;2012;04
335;4;2012;11
336;4;2012;12
337;4;2012;17
338;4;2012;18
339;4;2012;19
340;4;2012;30
341;3;2012;08
342;3;2012;09
343;3;2012;13
344;3;2012;14
345;3;2012;15
346;3;2012;16
347;3;2012;22
348;3;2012;23
349;3;2012;27
350;3;2012;30
351;2;2012;01
352;2;2012;02
353;2;2012;07
354;2;2012;09
355;2;2012;10
356;2;2012;13
357;2;2012;16
358;2;2012;17
359;2;2012;21
360;2;2012;22
361;2;2012;23
362;2;2012;24
363;2;2012;28
364;1;2012;03
365;1;2012;06
366;1;2012;13
367;1;2012;17
368;1;2012;18
369;1;2012;19
370;1;2012;20
371;1;2012;23
372;1;2012;26
373;1;2012;27
374;1;2012;31
375;12;2011;06
376;12;2011;07
377;12;2011;08
378;12;2011;13
379;12;2011;14
380;12;2011;15
381;12;2011;16
382;12;2011;19
383;12;2011;20
384;12;2011;21
385;12;2011;22
386;12;2011;23
387;12;2011;26
388;12;2011;27
389;12;2011;28
390;12;2011;29
391;11;2011;03
392;11;2011;04
393;11;2011;07
394;11;2011;10
395;11;2011;15
396;11;2011;16
397;11;2011;18
398;11;2011;22
399;11;2011;25
400;11;2011;29
401;11;2011;30
402;10;2011;04
403;10;2011;05
404;10;2011;07
405;10;2011;14
406;10;2011;17
407;10;2011;18
408;10;2011;20
409;10;2011;21
410;10;2011;24
411;10;2011;25
412;10;2011;26
413;10;2011;28
414;10;2011;31
415;9;2011;08
416;9;2011;12
417;9;2011;14
418;9;2011;15
419;9;2011;21
420;9;2011;23
421;9;2011;27
422;9;2011;28
423;9;2011;30
424;8;2011;03
425;8;2011;09
426;8;2011;10
427;8;2011;11
428;8;2011;12
429;8;2011;15
430;8;2011;16
431;8;2011;18
432;8;2011;22
433;8;2011;24
434;8;2011;30
435;8;2011;31
436;7;2011;05
437;7;2011;11
438;7;2011;13
439;7;2011;18
440;7;2011;21
441;7;2011;26
442;7;2011;27
443;6;2011;01
444;6;2011;02
445;6;2011;08
446;6;2011;09
447;6;2011;13
448;6;2011;15
449;6;2011;16
450;6;2011;21
451;6;2011;24
452;6;2011;30
453;5;2011;04
454;5;2011;06
455;5;2011;10
456;5;2011;12
457;5;2011;20
458;5;2011;24
459;5;2011;25
460;5;2011;30
461;4;2011;01
462;4;2011;04
463;4;2011;11
464;4;2011;13
465;4;2011;19
466;4;2011;21
467;4;2011;26
468;4;2011;27
469;3;2011;02
470;3;2011;03
471;3;2011;04
472;3;2011;09
473;3;2011;11
474;3;2011;14
475;3;2011;23
476;3;2011;24
477;3;2011;25
478;2;2011;01
479;2;2011;03
480;2;2011;08
481;2;2011;09
482;2;2011;10
483;2;2011;11
484;2;2011;15
485;2;2011;16
486;2;2011;25
487;1;2011;04
488;1;2011;05
489;1;2011;10
490;1;2011;11
491;1;2011;13
492;1;2011;24
493;1;2011;25
494;1;2011;26
495;1;2011;27
496;1;2011;28
497;12;2010;01
498;12;2010;06
499;12;2010;09
500;12;2010;13
501;12;2010;14
502;12;2010;17
503;12;2010;20
504;12;2010;21
505;12;2010;22
506;12;2010;23
507;12;2010;24
508;12;2010;27
509;12;2010;30
510;12;2010;31
511;11;2010;01
512;11;2010;04
513;11;2010;06
514;11;2010;09
515;11;2010;10
516;11;2010;12
517;11;2010;16
518;11;2010;17
519;11;2010;19
520;11;2010;23
521;11;2010;25
522;11;2010;26
523;10;2010;04
524;10;2010;05
525;10;2010;06
526;10;2010;14
527;10;2010;15
528;10;2010;18
529;10;2010;19
530;10;2010;20
531;10;2010;22
532;10;2010;25
533;10;2010;26
534;10;2010;28
535;10;2010;29
536;9;2010;03
537;9;2010;06
538;9;2010;08
539;9;2010;09
540;9;2010;27
541;9;2010;28
542;9;2010;29
543;9;2010;30
544;8;2010;02
545;8;2010;04
546;8;2010;12
547;8;2010;16
548;8;2010;17
549;8;2010;23
550;8;2010;30
551;8;2010;31
552;7;2010;02
553;7;2010;06
554;7;2010;07
555;7;2010;08
556;7;2010;12
557;7;2010;14
558;7;2010;15
559;7;2010;19
560;7;2010;20
561;7;2010;21
562;7;2010;23
563;7;2010;26
564;7;2010;27
565;7;2010;28
566;7;2010;29
567;6;2010;04
568;6;2010;08
569;6;2010;15
570;6;2010;16
571;6;2010;21
572;6;2010;22
573;6;2010;24
574;5;2010;03
575;5;2010;06
576;5;2010;10
577;5;2010;11
578;5;2010;13
579;5;2010;17
580;5;2010;20
581;5;2010;26
582;5;2010;27
583;5;2010;31
584;4;2010;05
585;4;2010;07
586;4;2010;08
587;4;2010;12
588;4;2010;13
589;4;2010;23
590;4;2010;26
591;4;2010;27
592;4;2010;29
593;4;2010;30
594;3;2010;01
595;3;2010;02
596;3;2010;03
597;3;2010;04
598;3;2010;05
599;3;2010;09
600;3;2010;10
601;3;2010;11
602;3;2010;17
603;3;2010;19
604;2;2010;02
605;2;2010;03
606;2;2010;09
607;2;2010;12
608;2;2010;16
609;2;2010;17
610;2;2010;22
611;2;2010;23
612;2;2010;25
613;1;2010;04
614;1;2010;05
615;1;2010;13
616;1;2010;15
617;1;2010;21
618;1;2010;22
619;1;2010;28
620;12;2009;03
621;12;2009;04
622;12;2009;07
623;12;2009;09
624;12;2009;17
625;12;2009;21
626;12;2009;22
627;12;2009;23
628;12;2009;24
629;12;2009;28
630;12;2009;31
631;11;2009;02
632;11;2009;04
633;11;2009;05
634;11;2009;06
635;11;2009;20
636;11;2009;26
637;11;2009;30
638;10;2009;07
639;10;2009;12
640;10;2009;16
641;10;2009;20
642;10;2009;26
643;10;2009;29
644;9;2009;01
645;9;2009;03
646;9;2009;04
647;9;2009;08
648;9;2009;10
649;9;2009;18
650;9;2009;21
651;9;2009;22
652;9;2009;24
653;9;2009;29
654;9;2009;30
655;8;2009;03
656;8;2009;04
657;8;2009;05
658;8;2009;06
659;8;2009;07
660;8;2009;14
661;8;2009;18
662;8;2009;20
663;8;2009;21
664;8;2009;26
665;8;2009;28
666;8;2009;31
667;7;2009;02
668;7;2009;03
669;7;2009;06
670;7;2009;08
671;7;2009;14
672;7;2009;21
673;7;2009;27
674;7;2009;28
675;7;2009;29
676;6;2009;04
677;6;2009;05
678;6;2009;11
679;6;2009;15
680;6;2009;16
681;6;2009;17
682;6;2009;18
683;6;2009;22
684;6;2009;26
685;5;2009;11
686;5;2009;14
687;5;2009;15
688;5;2009;20
689;5;2009;22
690;5;2009;26
691;4;2009;02
692;4;2009;07
693;4;2009;09
694;4;2009;10
695;4;2009;15
696;4;2009;16
697;4;2009;28
698;3;2009;02
699;3;2009;04
700;3;2009;06
701;3;2009;09
702;3;2009;10
703;3;2009;11
704;3;2009;23
705;3;2009;24
706;2;2009;06
707;2;2009;12
708;2;2009;13
709;2;2009;16
710;2;2009;17
711;2;2009;19
712;2;2009;20
713;2;2009;23
714;2;2009;24
715;2;2009;25
716;2;2009;26
717;1;2009;02
718;1;2009;13
719;1;2009;15
720;1;2009;16
5;1;2009;23
722;12;2008;01
723;12;2008;02
724;12;2008;03
725;12;2008;04
726;12;2008;05
727;12;2008;08
728;12;2008;09
729;12;2008;10
730;12;2008;11
731;12;2008;12
732;12;2008;22
733;12;2008;23
734;12;2008;30
735;12;2008;31
736;11;2008;06
737;11;2008;07
738;11;2008;13
739;11;2008;14
740;11;2008;24
741;11;2008;25
